Finally: 14.692960870002137

2 +1.88
3 +2.37
4 +3.4
5 +4.2
6 +2.77
7 +1.3
8 -1.27
9 -1.38
T -2.89
J -2.89
Q -2.89
K -2.89
A -1.9

2~7 +15.92
8~A -16.11

A -1
Finally: 12.784182197836255
A -2
Finally: 10.797814339941315
A -3
Finally: 8.732416921831451

10 -1
Finally: 11.825897322374493
10 -2
Finally: 8.931290057126443
10 -3
Finally: 6.008683511446386

9 -1
Finally: 13.31018873300643
9 -2
Finally: 11.914971087789453
9 -3
Finally: 10.507231917639016

8 -1
Finally: 13.427057226812424
8 -2
Finally: 12.14906987815879
8 -3
Finally: 10.859115273021864


7 -1
Finally: 15.994707406095927
7 -2
Finally: 17.298416147014354
7 -3
Finally: 18.60405203103061

6 -1
Finally: 17.462048329083515
6 -2
Finally: 20.25047964577612
6 -3
Finally: 23.058276671233134


5 -1
Finally: 18.883650126867355
5 -2
Finally: 23.126106691339977
5 -3
Finally: 27.421365546431492

4 -1
Finally: 18.106292041275754
4 -2
Finally: 21.549387288170472
4 -3
Finally: 25.02266529368872


3 -1
Finally: 17.065676736126484
3 -2
Finally: 19.44535944107321
3 -3
Finally: 21.831873903604357


2 -1
Finally: 16.575326186051182
2 -2
Finally: 18.460166955044475
2 -3
Finally: 20.34737618420001
